# 16 images
_MG_0746.JPG 2718.70483398 2133.27465820 0 2888.17211914 1446.24902344 1 3183.39868164 1767.35729980 2 2413.34960938 1893.60229492 3 
_MG_0747.JPG 2963.31933594 2600.38989258 0 3165.31079102 1410.75244141 1 3629.81665039 1906.95227051 2 2461.07128906 2178.84643555 3 
_MG_0748.JPG 2511.93847656 2676.64453125 0 3518.30712891 1756.33618164 1 3650.51928711 2500.74047852 2 2421.18872070 2040.25793457 3 
_MG_0749.JPG 2155.10522461 2170.94116211 0 3376.23901367 1789.83508301 1 3172.73242188 2485.92382812 2 2398.78051758 1662.80346680 3 
_MG_0751.JPG 2116.81567383 1578.08666992 0 2733.81176758 1785.80395508 1 2308.68212891 2059.06103516 2 2514.78686523 1454.75634766 3 
_MG_0752.JPG 1865.60083008 1472.43945312 0 2334.17236328 1701.02221680 1 1927.24438477 1927.49804688 2 2255.14550781 1386.24072266 3 
_MG_0753.JPG 1643.02331543 1404.12609863 0 2339.21166992 1703.88427734 1 1858.79687500 2023.30310059 2 2104.37622070 1239.95678711 3 
_MG_0754.JPG 1699.69836426 1499.40441895 0 2572.63916016 2038.63757324 1 1984.74670410 2374.36840820 2 2262.90893555 1284.05981445 3 
_MG_0755.JPG 2019.57470703 3358.59082031 0 3362.44384766 2881.29638672 1 2207.50000000 2651.33178711 3 
_MG_0756.JPG 3897.94433594 2397.53906250 0 4578.50781250 1437.58203125 1 4786.87304688 2068.94091797 2 3638.98266602 1837.95019531 3 
_MG_0757.JPG 4572.69091797 2452.10913086 0 4653.53076172 1348.48559570 1 5042.72460938 1806.39550781 2 4072.87597656 2060.73242188 3 
_MG_0758.JPG 4452.89648438 1900.71398926 0 3623.51538086 1055.13574219 1 4098.13476562 1111.21008301 2 3883.86962891 2012.01501465 3 
_MG_0759.JPG 3152.85449219 880.80712891 2 
_MG_0760.JPG 3487.56689453 729.22869873 0 2623.32324219 689.49169922 1 2801.43164062 567.56524658 2 3353.10449219 1020.24731445 3 
_MG_0761.JPG 3476.49511719 886.12799072 0 2562.78222656 664.30395508 1 2878.52172852 581.18035889 2 3180.04248047 1151.03173828 3 
_MG_0762.JPG 3547.91088867 631.66223145 0 2676.98681641 485.41891479 1 2931.35034180 438.07440186 2 3322.53491211 861.15380859 3 
